[0m[38;2;0;0;0m                   [38;2;18;21;14m [38;2;52;60;40m.[38;2;77;88;59m,[38;2;96;110;73m:[38;2;108;125;83mc[38;2;115;132;88ml[38;2;115;132;88ml[38;2;112;128;86mc[38;2;99;114;76m:[38;2;83;95;63m;[38;2;59;68;45m.[38;2;29;34;22m.[38;2;2;2;2m [38;2;0;0;0m                  [0m
[0m[38;2;0;0;0m             [38;2;1;2;1m [38;2;37;43;28m.[38;2;72;83;55m,[38;2;104;119;79m:[38;2;131;151;100mo[38;2;155;178;119mx[38;2;167;192;128mk[38;2;167;192;128mk[38;2;167;192;128mk[38;2;167;192;128mkkkkkk[38;2;167;192;128mk[38;2;167;192;128mkk[38;2;160;184;123mk[38;2;138;158;106md[38;2;111;128;85mc[38;2;81;94;62m,[38;2;47;54;36m.[38;2;6;7;5m [38;2;0;0;0m             [0m
[0m[38;2;0;0;0m          [38;2;12;14;9m [38;2;69;80;53m'[38;2;118;136;90ml[38;2;158;182;122mk[38;2;167;192;128mk[38;2;167;192;128mkkkkk[38;2;183;203;151m0[38;2;189;208;160m0[38;2;189;208;160m0[38;2;189;208;160m0[38;2;189;208;160m0[38;2;190;208;160m0[38;2;190;208;161m0[38;2;190;208;161m0[38;2;181;202;148mO[38;2;167;192;128mkkkkkkk[38;2;164;189;126mk[38;2;130;149;100mo[38;2;83;95;64m;[38;2;30;34;23m.[38;2;0;0;0m [38;2;0;0;0m         [0m
[0m[38;2;0;0;0m       [38;2;1;1;1m [38;2;50;57;38m.[38;2;119;137;91ml[38;2;165;190;126mk[38;2;167;192;128mk[38;2;167;192;128mkkkkk[38;2;172;195;135mO[38;2;186;206;156m0[38;2;199;215;174mK[38;2;222;231;207mX[38;2;254;254;253mM[38;2;255;255;255mMMMMM[38;2;252;253;251mM[38;2;217;228;200mX[38;2;199;215;174mK[38;2;187;206;156m0[38;2;172;195;135mO[38;2;167;192;128mkkkkkk[38;2;167;192;128mk[38;2;167;192;128mk[38;2;136;157;104mo[38;2;69;79;53m'[38;2;3;3;2m [38;2;0;0;0m       [0m
[0m[38;2;0;0;0m     [38;2;0;0;0m [38;2;52;60;40m.[38;2;137;157;105md[38;2;167;192;128mk[38;2;167;192;128mkkkk[38;2;171;195;134mO[38;2;195;212;169m0[38;2;216;227;199mX[38;2;217;228;201mX[38;2;212;224;194mX[38;2;197;214;172mK[38;2;184;204;152m0[38;2;173;196;137mO[38;2;172;196;136mO[38;2;230;237;218mN[38;2;255;255;255mMMM[38;2;223;232;208mN[38;2;170;194;132mk[38;2;173;196;137mO[38;2;184;204;152m0[38;2;197;213;171mK[38;2;212;224;193mX[38;2;217;228;201mX[38;2;216;227;199mX[38;2;195;212;169m0[38;2;171;195;134mO[38;2;167;192;128mkkkkk[38;2;167;192;128mk[38;2;153;176;117mx[38;2;76;87;58m,[38;2;2;2;1m [38;2;0;0;0m     [0m
[0m[38;2;0;0;0m    [38;2;12;14;10m [38;2;121;139;92ml[38;2;167;192;128mk[38;2;167;192;128mkkk[38;2;167;192;128mk[38;2;188;207;158m0[38;2;220;230;204mX[38;2;219;229;203mX[38;2;194;211;167m0[38;2;171;195;133mO[38;2;170;194;132mO[38;2;189;208;160m0[38;2;208;221;187mK[38;2;214;226;196mX[38;2;213;225;195mX[38;2;212;225;194mX[38;2;212;224;193mX[38;2;222;232;208mX[38;2;254;254;254mM[38;2;219;229;203mX[38;2;212;224;193mX[38;2;212;225;194mX[38;2;213;225;195mX[38;2;214;226;196mX[38;2;208;221;187mK[38;2;189;208;160m0[38;2;170;194;132mO[38;2;171;195;133mO[38;2;194;211;167m0[38;2;219;229;203mX[38;2;220;230;204mX[38;2;188;207;158m0[38;2;167;192;128mk[38;2;167;192;128mkkkk[38;2;167;192;128mk[38;2;143;165;110md[38;2;37;43;29m.[38;2;0;0;0m    [0m
[0m[38;2;0;0;0m   [38;2;40;46;30m.[38;2;157;180;120mx[38;2;167;192;128mkkkk[38;2;185;205;154m0[38;2;228;236;216mN[38;2;211;224;192mX[38;2;174;197;138mO[38;2;168;193;130mk[38;2;194;211;167m0[38;2;221;230;205mX[38;2;218;229;202mX[38;2;198;214;172mK[38;2;177;199;142mO[38;2;167;192;128mk[38;2;167;192;128mkkkk[38;2;180;201;146mO[38;2;167;192;128mkkkk[38;2;167;192;128mk[38;2;176;199;142mO[38;2;197;214;172mK[38;2;218;229;202mX[38;2;221;230;205mX[38;2;194;212;167m0[38;2;168;193;130mk[38;2;174;197;138mO[38;2;211;224;192mX[38;2;228;236;216mN[38;2;185;205;154m0[38;2;167;192;128mkkkkk[38;2;166;191;127mk[38;2;85;98;65m;[38;2;0;0;0m [38;2;0;0;0m  [0m
[0m[38;2;0;0;0m  [38;2;47;54;36m.[38;2;165;189;126mk[38;2;167;192;128mkkk[38;2;168;193;129mk[38;2;212;224;193mX[38;2;227;235;214mN[38;2;176;199;141mO[38;2;167;192;129mk[38;2;198;215;173mK[38;2;230;237;218mN[38;2;202;217;178mK[38;2;171;195;133mO[38;2;167;192;128mkkkkkkkkkkkkkkkkk[38;2;171;195;133mO[38;2;201;217;177mK[38;2;230;237;218mN[38;2;199;215;174mK[38;2;167;192;129mk[38;2;176;198;141mO[38;2;226;234;213mN[38;2;213;225;195mX[38;2;168;193;130mk[38;2;167;192;128mkkkk[38;2;167;192;128mk[38;2;101;117;77m:[38;2;0;0;0m [38;2;0;0;0m [0m
[0m[38;2;0;0;0m [38;2;20;23;16m [38;2;163;188;125mk[38;2;167;192;128mkkk[38;2;168;193;130mk[38;2;224;233;211mN[38;2;214;225;195mX[38;2;167;192;128mk[38;2;173;197;137mO[38;2;229;236;217mN[38;2;212;224;192mX[38;2;169;194;131mk[38;2;167;192;128mkkkkkkkkkkkkkkkkkkkkk[38;2;169;194;131mk[38;2;211;224;192mX[38;2;229;236;218mN[38;2;174;197;138mO[38;2;167;192;128mk[38;2;212;224;192mX[38;2;226;234;213mN[38;2;168;193;130mk[38;2;167;192;128mkkkk[38;2;167;192;128mk[38;2;64;73;49m'[38;2;0;0;0m [0m
[0m[38;2;2;2;2m [38;2;140;161;107md[38;2;167;192;128mk[38;2;167;192;128mkkk[38;2;213;225;194mX[38;2;223;232;209mN[38;2;167;192;128mk[38;2;172;196;135mO[38;2;238;243;230mW[38;2;196;213;170mK[38;2;167;192;128mkkkkkkkkkkkkkkkkkkkkkkkkk[38;2;196;213;170m0[38;2;238;243;231mW[38;2;172;196;136mO[38;2;167;192;128mk[38;2;220;230;205mX[38;2;213;225;195mX[38;2;167;192;128mkkkkk[38;2;163;187;125mk[38;2;8;10;6m [0m
[0m[38;2;22;26;17m [38;2;167;192;128mk[38;2;167;192;128mkkk[38;2;178;200;144mO[38;2;248;250;245mW[38;2;173;196;137mO[38;2;167;192;128mk[38;2;221;230;205mX[38;2;213;225;195mX[38;2;167;192;128mkkkkkkkkkkkkkkkkkkkkkkkkkkk[38;2;213;225;194mX[38;2;221;231;206mX[38;2;167;192;128mk[38;2;173;196;136mO[38;2;248;250;245mW[38;2;179;200;145mO[38;2;167;192;128mkkkk[38;2;167;192;128mk[38;2;68;78;52m'[0m
[0m[38;2;59;68;45m'[38;2;167;192;128mk[38;2;167;192;128mkkk[38;2;206;220;185mK[38;2;224;233;211mN[38;2;167;192;128mk[38;2;171;195;134mO[38;2;252;253;251mM[38;2;174;197;138mO[38;2;167;192;128mkkkkkkkkkkkkkkkkkkkkkkkkkkk[38;2;174;197;138mO[38;2;252;253;251mM[38;2;172;195;135mO[38;2;167;192;128mk[38;2;224;233;210mN[38;2;207;221;185mK[38;2;167;192;128mkkkkk[38;2;125;143;95mo[0m
[0m[38;2;68;78;52m'[38;2;167;192;128mkkkk[38;2;215;227;198mX[38;2;215;226;197mX[38;2;167;192;128mk[38;2;180;201;147mO[38;2;250;251;247mM[38;2;167;192;128mkkkkkkkkkkkkkkkkkkkkkkkkkkkkk[38;2;249;251;246mM[38;2;181;202;148mO[38;2;167;192;128mk[38;2;214;226;196mX[38;2;216;227;199mX[38;2;167;192;128mkkkkk[38;2;138;158;106md[0m
[0m[38;2;44;50;34m.[38;2;167;192;128mk[38;2;167;192;128mkkk[38;2;205;219;182mK[38;2;226;234;213mN[38;2;167;192;128mk[38;2;170;194;133mO[38;2;252;253;250mM[38;2;176;198;141mO[38;2;167;192;128mkkkkkkkkkkkkkkkkkkkkkkkkkkk[38;2;176;198;140mO[38;2;252;253;250mM[38;2;171;195;133mO[38;2;167;192;128mk[38;2;225;234;212mN[38;2;205;219;183mK[38;2;167;192;128mkkkkk[38;2;102;118;78m:[0m
[0m[38;2;5;6;4m [38;2;167;192;128mk[38;2;167;192;128mkkk[38;2;176;198;141mO[38;2;248;250;246mM[38;2;175;198;140mO[38;2;167;192;128mk[38;2;216;227;199mX[38;2;218;228;201mX[38;2;167;192;128mkkkkkkkkkkkkkkkkkkkkkkkkkkk[38;2;217;228;200mX[38;2;217;228;200mX[38;2;167;192;128mk[38;2;175;197;139mO[38;2;248;250;245mW[38;2;176;199;142mO[38;2;167;192;128mkkkk[38;2;167;192;128mk[38;2;36;41;27m.[0m
[0m[38;2;3;3;3m [38;2;80;92;61m,[38;2;167;192;128mk[38;2;167;192;128mk[38;2;169;194;131mk[38;2;205;219;183mK[38;2;238;243;231mW[38;2;232;239;222mN[38;2;209;222;188mK[38;2;212;224;193mX[38;2;253;253;252mM[38;2;216;227;199mX[38;2;207;221;186mK[38;2;172;196;136mO[38;2;167;192;128mkkkkkkkkkkkkkkkkkkkkk[38;2;172;196;135mO[38;2;207;221;186mK[38;2;216;227;199mX[38;2;253;253;252mM[38;2;212;224;193mX[38;2;209;222;189mK[38;2;231;238;221mN[38;2;239;243;232mW[38;2;206;220;184mK[38;2;170;194;132mk[38;2;167;192;128mkkk[38;2;136;156;104mo[38;2;28;28;28m [0m
[0m[38;2;0;0;0m [38;2;44;44;44m [38;2;135;155;103mo[38;2;167;192;128mkk[38;2;184;205;153m0[38;2;245;248;241mW[38;2;255;255;255mMMMM[38;2;252;253;251mM[38;2;233;239;223mN[38;2;172;196;135mO[38;2;167;192;128mkkkkkkkkkkkkkkkkkkkkk[38;2;172;195;135mO[38;2;232;238;222mN[38;2;252;253;251mM[38;2;255;255;255mMMMM[38;2;245;248;241mW[38;2;185;205;154m0[38;2;167;192;128mkkk[38;2;167;192;128mk[38;2;7;8;6m [38;2;0;0;0m [0m
[0m[38;2;0;0;0m  [38;2;68;68;68m [38;2;139;160;106md[38;2;167;192;128mkk[38;2;176;198;141mO[38;2;236;241;227mW[38;2;255;255;255mMM[38;2;243;247;238mW[38;2;181;202;148mO[38;2;192;210;163m0[38;2;228;236;216mN[38;2;209;222;188mK[38;2;175;198;139mO[38;2;167;192;128mkkkkkkkkkkkkkkkkk[38;2;175;197;139mO[38;2;208;222;188mK[38;2;228;236;216mN[38;2;192;210;164m0[38;2;180;201;147mO[38;2;243;246;237mW[38;2;255;255;255mMM[38;2;237;242;229mW[38;2;176;199;141mO[38;2;167;192;128mkkk[38;2;167;192;128mk[38;2;11;13;9m [38;2;2;2;2m [38;2;0;0;0m [0m
[0m[38;2;0;0;0m   [38;2;58;58;58m [38;2;99;114;76m:[38;2;167;192;128mkk[38;2;170;194;132mO[38;2;225;234;212mN[38;2;231;238;220mN[38;2;223;232;209mN[38;2;218;228;201mX[38;2;179;200;145mO[38;2;167;192;128mk[38;2;187;206;157m0[38;2;217;228;200mX[38;2;220;230;205mX[38;2;205;219;182mK[38;2;184;204;152m0[38;2;169;193;131mk[38;2;167;192;128mkkk[38;2;167;192;128mk[38;2;191;209;163m0[38;2;167;192;128mk[38;2;167;192;128mkkk[38;2;169;193;130mk[38;2;184;204;152m0[38;2;204;219;182mK[38;2;220;230;205mX[38;2;217;228;200mX[38;2;187;206;157m0[38;2;167;192;128mk[38;2;179;200;145mO[38;2;217;228;201mX[38;2;224;233;210mN[38;2;230;237;219mN[38;2;227;235;215mN[38;2;171;195;134mO[38;2;167;192;128mkkk[38;2;148;171;114md[38;2;96;96;96m [38;2;2;2;2m [38;2;0;0;0m  [0m
[0m[38;2;0;0;0m    [38;2;27;27;27m [38;2;10;11;7m [38;2;167;192;128mk[38;2;167;192;128mk[38;2;168;192;129mk[38;2;168;193;130mk[38;2;167;192;128mk[38;2;181;202;148mO[38;2;215;226;197mX[38;2;222;231;207mX[38;2;201;216;177mK[38;2;176;198;140mO[38;2;167;192;129mk[38;2;182;203;150mO[38;2;201;216;177mK[38;2;213;225;195mX[38;2;213;225;195mX[38;2;212;225;194mX[38;2;214;226;196mX[38;2;230;237;219mN[38;2;255;255;255mM[38;2;230;237;219mN[38;2;214;226;196mX[38;2;212;225;194mX[38;2;213;225;195mX[38;2;213;225;195mX[38;2;201;216;177mK[38;2;182;203;150mO[38;2;167;192;129mk[38;2;175;198;140mO[38;2;201;216;177mK[38;2;222;231;207mX[38;2;215;227;198mX[38;2;181;202;149mO[38;2;167;192;128mk[38;2;168;193;130mk[38;2;168;193;129mk[38;2;167;192;128mkk[38;2;167;192;128mk[38;2;51;59;39m.[38;2;53;53;53m [38;2;0;0;0m    [0m
[0m[38;2;0;0;0m     [38;2;0;0;0m [38;2;62;62;62m [38;2;26;30;20m [38;2;167;192;128mk[38;2;167;192;128mkkkk[38;2;168;193;130mk[38;2;188;207;158m0[38;2;211;224;192mX[38;2;217;228;201mX[38;2;216;227;198mX[38;2;204;219;182mK[38;2;191;209;162m0[38;2;180;201;147mO[38;2;179;201;146mO[38;2;236;241;227mW[38;2;255;255;255mMMM[38;2;236;242;228mW[38;2;179;201;146mO[38;2;180;201;147mO[38;2;191;209;162m0[38;2;204;219;182mK[38;2;216;227;198mX[38;2;217;228;201mX[38;2;212;224;192mX[38;2;188;207;159m0[38;2;168;193;130mk[38;2;167;192;128mkkkkk[38;2;167;192;128mk[38;2;71;81;54m'[38;2;87;87;87m [38;2;8;8;8m [38;2;0;0;0m     [0m
[0m[38;2;0;0;0m       [38;2;3;3;3m [38;2;59;59;59m [38;2;133;133;133m [38;2;134;155;103mo[38;2;167;192;128mk[38;2;167;192;128mkkkkk[38;2;168;193;129mk[38;2;179;201;146mO[38;2;192;210;164m0[38;2;219;229;203mX[38;2;255;255;255mMMMMMMM[38;2;220;230;204mX[38;2;192;210;164m0[38;2;179;201;146mO[38;2;168;193;129mk[38;2;167;192;128mkkkkkkk[38;2;167;192;128mk[38;2;11;13;9m [38;2;80;80;80m [38;2;11;11;11m [38;2;0;0;0m       [0m
[0m[38;2;0;0;0m          [38;2;23;23;23m [38;2;80;80;80m [38;2;131;131;131m [38;2;80;92;61m,[38;2;167;192;128mk[38;2;167;192;128mkkkkk[38;2;175;198;139mO[38;2;178;200;143mOOOOOOO[38;2;175;198;139mO[38;2;167;192;128mkkkkkk[38;2;167;192;128mk[38;2;127;146;97ml[38;2;144;144;144m [38;2;94;94;94m [38;2;39;39;39m [38;2;0;0;0m [38;2;0;0;0m         [0m
[0m[38;2;0;0;0m             [38;2;7;7;7m [38;2;46;46;46m [38;2;83;83;83m [38;2;116;116;116m [38;2;145;145;145m [38;2;30;35;23m.[38;2;167;192;128mk[38;2;167;192;128mk[38;2;167;192;128mkkkkkkkkk[38;2;167;192;128mk[38;2;76;88;59m,[38;2;153;153;153m [38;2;125;125;125m [38;2;93;93;93m [38;2;56;56;56m [38;2;16;16;16m [38;2;0;0;0m             [0m
[0m[38;2;0;0;0m                  [38;2;3;3;3m [38;2;35;35;35m [38;2;70;70;70m [38;2;97;97;97m [38;2;118;118;118m [38;2;131;131;131m [38;2;139;139;139m [38;2;139;139;139m [38;2;135;135;135m [38;2;122;122;122m [38;2;103;103;103m [38;2;77;77;77m [38;2;45;45;45m [38;2;9;9;9m [38;2;0;0;0m                  [0m
